4.539979
10.42914
4.270193
7.271069
4.437749
4.045926
5.52272
4.438205
8.740775
6.413385
5.355867
5.295248
4.386911
9.896354
9.360837
7.044583
11.70976
9.090218
4.988799
13.7991
5.012913
25.90583
5.944838
11.56607
6.336788
9.304049
4.589791
11.83915
4.200457
4.371458
12.34458
9.374664
5.023779
6.51283
6.46799
4.774944
7.62468
22.73877
7.777093
4.671564
7.890187
8.767567
4.456302
7.254629
4.056885
4.296911
4.40887
4.048914
7.01032
5.364467
5.370581
8.320956
4.731266
7.597947
5.784296
5.40764
5.866569
7.682014
4.451941
5.300683
4.590093
5.564505
4.149069
37.06031
10.04349
5.911972
6.609092
4.889872
6.737972
26.302
21.76517
6.734147
12.84088
4.121169
7.297282
6.529724
6.582454
5.297052
4.627543
5.527241
13.68713
5.57633
10.02122
5.539721
4.150417
4.893336
5.446953
4.749103
29.55431
5.612835
4.909661
26.908
4.080843
7.305364
6.439347
7.273902
5.100833
5.233314
6.00556
7.403375
6.014637
5.466362
4.777073
12.69353
4.517281
7.569062
4.152929
4.714874
6.079896
5.308243
6.987803
9.900211
8.550492
4.760224
4.120662
16.56317
4.109278
4.72128
5.940907
10.28089
5.509175
13.86204
4.063255
4.243124
11.82472
8.159451
6.784761
4.952814
5.245968
5.21748
